1.275239107332625244e-01 6.802507836990596957e+01
1.530286928799149404e-01 7.931034482758620641e+01
1.785334750265674675e-01 8.714733542319750370e+01
2.040382571732200223e-01 9.435736677115986026e+01
2.263549415515409280e-01 9.843260188087774054e+01
2.518597236981934828e-01 1.006269592476488839e+02
2.741764080765143885e-01 9.843260188087774054e+01
2.996811902231669156e-01 9.529780564263323583e+01
3.283740701381509530e-01 8.871473354231976316e+01
3.496280552603613923e-01 8.119122257053291492e+01
3.761955366631244413e-01 7.053291536050157617e+01
4.027630180658874903e-01 5.768025078369904435e+01
4.272051009564293844e-01 4.451410658307209900e+01
4.516471838469714450e-01 3.009404388714733258e+01
4.771519659936239166e-01 1.473354231974919237e+01
5.260361317747077603e-01 -1.630094043887147848e+01
5.472901168969183106e-01 -3.009404388714735390e+01
5.738575982996811931e-01 -4.482758620689656226e+01
6.014877789585547641e-01 -5.830721003134796376e+01
6.259298618490966026e-01 -7.021943573667714134e+01
6.546227417640808621e-01 -8.119122257053291492e+01
6.748140276301807239e-01 -8.965517241379313873e+01
7.003188097768332510e-01 -9.592476489028217657e+01
7.247608926673752006e-01 -9.937304075235111611e+01
7.492029755579170391e-01 -9.968652037617555095e+01
7.725823591923486333e-01 -9.811912225705331991e+01
8.012752391073327818e-01 -9.467084639498435195e+01
8.267800212539850868e-01 -8.777429467084643022e+01
8.490967056323059925e-01 -7.899686520376177157e+01
8.777895855472901410e-01 -6.771159874608153473e+01
