1.264612114771520301e-01 4.500000000000000000e+01
1.509032943676939242e-01 5.812500000000002132e+01
1.774707757704569733e-01 6.843750000000001421e+01
2.019128586609990061e-01 7.625000000000001421e+01
2.252922422954304338e-01 8.062500000000001421e+01
2.529224229543039493e-01 8.250000000000001421e+01
2.752391073326249105e-01 8.187500000000000000e+01
3.007438894792774375e-01 7.875000000000001421e+01
3.262486716259298536e-01 7.437500000000001421e+01
3.496280552603613923e-01 6.593749999999998579e+01
3.740701381509032863e-01 5.656250000000001421e+01
4.027630180658874903e-01 4.593750000000002132e+01
4.282678002125399064e-01 3.312499999999998579e+01
4.505844845908608121e-01 2.406250000000000711e+01
5.515409139213602874e-01 -2.374999999999999645e+01
5.781083953241233919e-01 -3.593749999999999289e+01
6.014877789585547641e-01 -4.656249999999998579e+01
6.259298618490966026e-01 -5.687500000000000000e+01
6.482465462274175083e-01 -6.593749999999998579e+01
6.748140276301807239e-01 -7.343750000000000000e+01
6.992561105207226735e-01 -7.906249999999997158e+01
7.268862911795961335e-01 -8.250000000000001421e+01
7.502656748140277276e-01 -8.343750000000000000e+01
7.736450584484592108e-01 -8.031250000000002842e+01
8.002125398512222043e-01 -7.593750000000000000e+01
8.246546227417640429e-01 -6.812499999999998579e+01
8.490967056323059925e-01 -5.812500000000002132e+01
8.746014877789585196e-01 -4.531249999999999289e+01
