1.253985122210415082e-01 3.284126467891508838e+01
1.530286928799149404e-01 4.564827932154057066e+01
1.795961742826779894e-01 5.564399806700438234e+01
2.051009564293305165e-01 6.376551954769372088e+01
2.252922422954304338e-01 6.845101270962989304e+01
2.507970244420829609e-01 7.063757618520010340e+01
2.752391073326249105e-01 7.376123829315751834e+01
2.996811902231669156e-01 7.094994239599583352e+01
3.251859723698193316e-01 6.563971681246817980e+01
3.506907545164718587e-01 5.876766017496182570e+01
3.751328374070139193e-01 4.970904006188523994e+01
4.017003188097768573e-01 4.065041994880868970e+01
4.293304994686503728e-01 3.034233499254914435e+01
5.759829968119024590e-01 -2.963197748023365818e+01
5.982996811902233647e-01 -3.837823138251449251e+01
6.269925611052072911e-01 -4.931104876036550877e+01
6.503719447396387743e-01 -5.774493645185058455e+01
6.748140276301807239e-01 -6.430462687856119430e+01
7.024442082890542949e-01 -6.899012004049737357e+01
7.247608926673752006e-01 -7.117668351606758392e+01
7.513283740701380831e-01 -7.023958488368033670e+01
7.768331562167906101e-01 -6.742828898651865188e+01
8.012752391073327818e-01 -6.180569719219528935e+01
8.257173219978747314e-01 -5.368417571150593659e+01
8.490967056323059925e-01 -4.462555559842936503e+01
8.746014877789585196e-01 -3.213090716659959867e+01
