1.268913646784378124e-01 2.567160393887368031e+01
1.518280175360977868e-01 3.818987174392049155e+01
1.791778948638539093e-01 4.574807117338273343e+01
2.033101395648151399e-01 5.236149567416219242e+01
2.250291597956803336e-01 5.779395151408815678e+01
2.523790371234364005e-01 6.157305122881929549e+01
2.781200981377950909e-01 6.369879481835552326e+01
3.046655673088525806e-01 6.251782615750207128e+01
3.271889956964163515e-01 5.897492017494164429e+01
3.497124240839801779e-01 5.283388313850358031e+01
3.770623014117363003e-01 4.385852131601716763e+01
4.028033624260950463e-01 3.535554695787217128e+01
4.285444234404537367e-01 2.661637886755645965e+01
4.486546273579213873e-01 1.811340450941144198e+01
4.760045046856775652e-01 8.429461490412952784e+00
5.250734022442987703e-01 -8.812680958047774737e+00
5.516188714153562600e-01 -1.684326785185138675e+01
5.765555242730161511e-01 -2.511004847782569982e+01
6.014921771306761533e-01 -3.408541030031211250e+01
6.280376463017335320e-01 -4.376935331931059636e+01
6.513654828459961577e-01 -5.156374648094352153e+01
6.763021357036561598e-01 -5.817717098172295920e+01
7.020431967180148503e-01 -6.148388323211272422e+01
7.277842577323734297e-01 -6.266485189296616198e+01
7.543297269034308083e-01 -6.172007696428342172e+01
7.768531552909947457e-01 -5.746858978521088090e+01
8.009853999919560597e-01 -5.156374648094352153e+01
8.267264610063147501e-01 -4.518651571233475295e+01
8.516631138639747522e-01 -3.668354135418975659e+01
8.749909504082372669e-01 -2.605482340650848272e+01
