1.252425543634747562e-01 1.567796610169492411e+01
1.497170720715081671e-01 2.161016949152543276e+01
1.756312672917788587e-01 2.542372881355933600e+01
1.986661074875749333e-01 3.008474576271187573e+01
2.245803027078456526e-01 3.177966101694916290e+01
2.461754653914045021e-01 3.305084745762712828e+01
2.749690156361496718e-01 3.305084745762712828e+01
2.980038558319459407e-01 3.135593220338984821e+01
3.224783735399792683e-01 2.669491525423728362e+01
3.483925687602499877e-01 2.288135593220339814e+01
3.714274089560460901e-01 1.864406779661017666e+01
3.959019266640794177e-01 1.398305084745763693e+01
4.246954769088245873e-01 1.059322033898306792e+01
4.477303171046208008e-01 7.203389830508476699e+00
4.722048348126541284e-01 2.542372881355937864e+00
5.240332252531954005e-01 -4.237288135593223259e+00
5.441887104245171081e-01 -8.050847457627106962e+00
5.729822606692622777e-01 -1.101694915254236307e+01
6.017758109140074474e-01 -1.567796610169489924e+01
6.262503286220408860e-01 -1.906779661016949134e+01
6.521645238423114943e-01 -2.330508474576271638e+01
6.766390415503450440e-01 -2.838983050847457079e+01
6.953548492094293598e-01 -3.135593220338982690e+01
7.227087219419372488e-01 -3.389830508474576476e+01
7.486229171622077461e-01 -3.474576271186439413e+01
7.716577573580039040e-01 -3.305084745762710696e+01
7.975719525782747343e-01 -2.966101694915253972e+01
8.206067927740707812e-01 -2.754237288135593786e+01
8.436416329698669392e-01 -2.245762711864406214e+01
8.738748607268495006e-01 -1.694915254237287172e+01
