1.265957446808510245e-01 2.959501557632396862e-01
1.500000000000000222e-01 3.894080996884735635e-01
1.744680851063828697e-01 4.735202492211836867e-01
1.978723404255318952e-01 5.451713395638628779e-01
2.244680851063828586e-01 6.043613707165107485e-01
2.510638297872339608e-01 6.355140186915887446e-01
2.734042553191488589e-01 6.386292834890963110e-01
3.010638297872339497e-01 6.199376947040496910e-01
3.265957446808509523e-01 5.514018691588785659e-01
3.489361702127658504e-01 4.766355140186913086e-01
3.744680851063827975e-01 3.831775700934578754e-01
4.021276595744679438e-01 3.177570093457943723e-01
4.244680851063829530e-01 2.461059190031151533e-01
4.499999999999999556e-01 1.744548286604361564e-01
4.755319148936169027e-01 9.034267912772581122e-02
5.265957446808510189e-01 -8.099688473520251508e-02
5.499999999999998224e-01 -1.557632398753893421e-01
5.776595744680849132e-01 -2.336448598130839993e-01
6.021276595744681215e-01 -3.021806853582553742e-01
6.265957446808509967e-01 -3.676012461059189329e-01
6.510638297872337610e-01 -4.672897196261682207e-01
6.744680851063830085e-01 -5.482866043613705553e-01
6.999999999999998446e-01 -6.074766355140186480e-01
7.255319148936169027e-01 -6.448598130841119991e-01
7.521276595744680327e-01 -6.323987538940808451e-01
7.776595744680848687e-01 -5.981308411214952825e-01
7.989361702127657505e-01 -5.451713395638628779e-01
8.255319148936168805e-01 -4.610591900311525326e-01
8.489361702127657949e-01 -3.800623052959500314e-01
8.744680851063828531e-01 -2.803738317757009657e-01
