1.214642262895174879e-01 3.883495145631065526e+01
1.480865224625624310e-01 5.776699029126214668e+01
1.763727121464226388e-01 7.135922330097086785e+01
1.996672212978369276e-01 8.106796116504851568e+01
2.212978369384359656e-01 9.029126213592230954e+01
2.529118136439267861e-01 9.514563106796114766e+01
2.762063227953410749e-01 9.902912621359222101e+01
3.028286189683860319e-01 9.757281553398057383e+01
3.261231281198003207e-01 9.029126213592230954e+01
3.494176372712146095e-01 8.106796116504851568e+01
3.727121464226288983e-01 6.699029126213592633e+01
3.976705490848586044e-01 5.339805825242716253e+01
4.292845257903494249e-01 3.980582524271843425e+01
4.525790349417637137e-01 2.524271844660193409e+01
4.725457570715473343e-01 1.310679611650485654e+01
5.291181364392678610e-01 -1.504854368932039144e+01
5.490848585690515371e-01 -2.766990291262136026e+01
5.773710482529118559e-01 -4.223300970873785332e+01
6.006655574043261447e-01 -5.533980582524272052e+01
6.272878535773711572e-01 -7.087378640776698546e+01
6.522462562396006414e-01 -8.300970873786407367e+01
6.788685524126455428e-01 -9.223300970873785332e+01
7.021630615640598316e-01 -9.854368932038835283e+01
7.237936772046589251e-01 -9.854368932038835283e+01
7.520798668885191329e-01 -9.611650485436894087e+01
7.753743760399334217e-01 -9.029126213592233796e+01
8.003327787021631279e-01 -8.252427184466020549e+01
8.236272878535774167e-01 -7.233009708737864685e+01
8.485856905158069008e-01 -5.825242718446600776e+01
8.752079866888518023e-01 -4.029126213592232375e+01
